0.517346787243 0.504033398241 0.490088624981 0.00849063001501 0.0404097987318 0.0645220976271 86.3182588783 90.0739922072 88.9553785736 3.42668408505 3.38794317665 3.28089114983 :-399.111657359:-4.71009879999 0.453776299992 4.79079429999 -6.22111280001 -0.9950022 1.86613990002 1.94590939998 4.33732620002 0.0146116000224 0.77719899997 0.962367800014 0.902164100012 
0.492020442728 0.49132549095 0.532027509237 -0.0331089887836 0.0615275739037 0.0184198158312 86.2935952099 90.0654796874 88.9470684341 3.46931513788 3.39277901663 3.30425129299 :-399.164093756:-2.95545259996 -1.4746544 4.93973590005 -4.88299719996 2.48033870002 -5.40965389996 0.032925800042 2.05627680003 2.0420875 5.12060490001 0.682596100035 2.85349070003 
0.527931547495 0.526546354034 0.558812767094 -0.0628461538889 0.0205118594392 -0.0127694386163 86.2632735993 90.0851796548 88.9353108328 3.45750934313 3.43289603828 3.30856333633 :-399.033717055:4.50592930002 4.41948320002 3.36391280001 -3.72435099996 -5.13492479996 -3.90523350001 -2.20484759996 4.12853200004 0.168725700007 -1.41433509998 5.08611930002 0.600923600018 
0.539222819569 0.533562789065 0.506322432604 -0.00895285265191 0.00823480888186 0.0313769988175 86.2209999701 90.0855707409 88.9351054519 3.44673201241 3.43659347397 3.29644545575 :-398.977302401:1.609895 1.00921849997 -7.35005249999 7.56921879997 -1.72401460003 6.20200999998 -2.1044101 4.0598974 3.92497359996 -1.36050399999 0.672107500009 -1.55547309998 
0.584604497325 0.55882714943 0.467390201437 0.0390174818692 -0.0186384785667 0.0717266442269 86.2274570219 90.0917938849 88.9624347163 3.45555183012 3.44432198328 3.28339756078 :-399.208735588:4.79121499995 2.6597721 -4.14160220004 5.0832133 -2.84775250003 4.27442450001 -2.10056669999 -2.25016889999 0.0233876999687 0.823223499992 0.707916199985 -1.48901970005 
0.628904957103 0.513931068279 0.43684854557 0.0740334876381 0.0174592039384 0.0547351112636 86.2093603625 90.0905324077 88.9234781346 3.44135364388 3.43008686564 3.28789424262 :-399.004148532:4.81309470001 -4.82238550001 -3.27634619998 3.78400450001 3.89806239997 -1.83182569998 2.19621479999 4.20062899997 0.0747639999759 -1.36722029998 -1.37174989999 0.643750499989 
0.643932633701 0.481418631996 0.517916255499 0.0489726580362 -0.00550068299077 0.0384421545956 86.2219465977 90.081899798 88.9396399714 3.44717464838 3.41788360694 3.29478851222 :-398.87655104:1.47594150002 -3.22113149997 8.00608989999 -2.47807369999 -2.26957719997 -1.61118419999 -0.0403001999985 -2.19535529999 0.272672800008 0.524070899985 -1.25724949999 0.632436800004 
0.658741521312 0.508439172939 0.484016772701 0.043455828087 0.0132012123845 0.108998821145 86.2126183324 90.0739894586 88.9740105436 3.45632833739 3.44848606282 3.28094126637 :-399.121592038:1.45806199998 2.66998239999 -3.36520669998 -0.547168799983 1.8526696 6.98875159998 -2.11489899999 -2.027752 2.17633490001 0.85914609997 2.98424699997 -1.41720200003 
0.610390541411 0.483397501469 0.53324672032 0.0625215116004 -0.0134581169862 0.0766614327912 86.2031197448 90.062435381 88.9314785465 3.44391918026 3.43694609887 3.26783652418 :-399.186190813:-5.99691629998 -3.09559070001 6.17703260002 2.38336389998 -3.32807659998 -4.03118439999 4.12219380001 4.1032808 0.167411300026 -1.33669090002 -1.22863960001 -1.43434590001 
0.559847922167 0.507114587952 0.577997022773 0.010304766158 0.0143101364731 0.093918957347 86.2086683345 90.0869893559 88.9389390752 3.43296370587 3.42590630627 3.25544201501 :-399.082177111:-5.96433379997 2.77378460004 5.245973 -6.14346089998 3.26637850003 2.02724350004 -2.14400929997 -0.0339093999742 -2.00765149998 -1.4002474 -1.40993819997 -1.56378589998 
0.519134529671 0.484074195174 0.591918848144 -0.0227804765628 -0.0147371823948 0.118452566948 86.2557749986 90.0957295547 88.9889935408 3.42167862595 3.41692963482 3.26372770566 :-399.143432213:-4.2018039 -2.39314240002 1.37504560001 -3.37886070002 -2.96690639999 2.4973669 -2.10880830002 -6.33730380002 -2.02694550001 -1.42772020001 -1.19146320003 0.584720000006 
0.504905820016 0.514119615026 0.610099258713 0.0157987220916 0.0127134128463 0.0602614335329 86.2817993565 90.0806085814 89.0191438064 3.40880049444 3.40388430238 3.29174939292 :-398.845293738:-1.44836240003 3.00994740002 1.8121498 3.88460440001 2.7640015 -5.86193980001 -0.0230539999961 -4.2829647 0.308565599994 -1.40133360003 -1.41802079997 2.72103779997 
0.490018626112 0.488759426446 0.555719387703 -0.00691946162805 -0.0171037334578 0.00869744065703 86.2826982311 90.0624765634 88.9848562524 3.41338141349 3.3923919511 3.31309804889 :-399.093499099:-1.73153700001 -2.96567589999 -6.38209670001 -2.67730730002 -3.51428189998 -6.07561710001 4.100967 2.0334811 0.0799050000069 0.697836399979 -1.19712200001 2.66901179998 
0.530577772804 0.518603922133 0.518208122326 0.0312322058072 0.00782130125516 -0.0296025026236 86.2877613626 90.0323152231 88.9901133059 3.41984999192 3.39866568904 3.35142941031 :-399.20153562:4.9232646 3.62482119999 -4.5363566 4.62317710003 3.020177 -4.64111560001 2.06240099999 -2.1426998 2.13127490002 0.841191700033 0.817228100004 4.7007018 
0.56150136502 0.481860924561 0.474678529621 0.0747099060517 -0.0361275115389 -0.0473120310656 86.3127459853 90.0336149181 88.9685292205 3.40339075589 3.40506860233 3.33531342118 :-399.040145798:2.67202859999 -3.17689589997 -3.76351299997 3.7580581 -3.79884889998 -1.53071900002 2.00736739998 -0.0465105999865 -2.02269350001 -1.42873279998 0.547456600032 -1.39894260002 
0.480507274209 0.508465569187 0.495893487885 0.0555376376815 -0.0703252311663 -0.0456147280972 86.3273331428 90.0472101605 88.9632340249 3.40930966175 3.41463525095 3.3215320621 :-398.924568947:-7.59619770002 2.4845721 1.97979789999 -1.79718480001 -3.20295750004 0.159750499961 -0.00655970001162 -0.158669600012 -1.91132190002 0.500323899985 0.842005999971 -1.34405049999 
0.511086209421 0.461049053148 0.529840662403 0.0101368852388 -0.0367101391864 -0.067287512328 86.3086179868 90.0455560339 88.9238760765 3.41674280013 3.42058899691 3.32477857176 :-399.148696032:3.17211819998 -4.86157979998 3.51981109998 -4.67458309998 3.45976750003 -2.23477859998 2.01056000003 3.93787579998 0.0042300999894 0.921295800026 0.769133999995 0.485990900017 
0.461519011198 0.433283933598 0.551870497958 -0.0237125223155 -0.0655235934633 -0.024025615254 86.2915833995 90.0773584175 88.9546113422 3.40800620576 3.41177952821 3.33103380279 :-399.110105756:-6.78875149998 -3.81096500001 2.98153350002 -4.62005870003 -3.9305711 5.90731760002 -6.39345910002 0.0953790000153 0.00262169999132 -1.35339090002 -1.36351769999 0.69694619998 
0.408539276403 0.475787921716 0.519096492472 0.00372621471437 -0.0222477408711 -0.0153234337792 86.2667767602 90.0771833771 88.9793610083 3.39147629783 3.42016007502 3.33732619553 :-399.079478655:-4.4982082 3.60871040004 -2.78267499999 2.32965070001 3.67428280003 0.73884880004 -2.11279819996 -0.0217761999579 2.09450850002 -1.40371109995 0.711277100038 0.533991400005 
0.374516924947 0.483865017959 0.483320612726 -0.0193969437199 -0.00661963441897 0.0205834645564 86.3307291549 90.100018132 88.958783509 3.4007186648 3.42955818107 3.32247395666 :-399.096250035:-3.29681009998 0.755794600025 -3.47093049999 -2.22780539997 1.50661920003 3.45990509999 2.11160640004 -2.02843279999 -6.15913439998 0.731189800035 0.744846900034 -1.58748579997 
